0_mouse.txt 0.0 0.941648 0.964551 0.967002 0.957282 0.960088 0.960252 0.967124 0.960965 0.965251
0_rat.txt 0.941648 0.0 0.966302 0.96132 0.958167 0.966924 0.958732 0.960157 0.955044 0.958172
1_graySeal.txt 0.964551 0.966302 0.0 0.77382 0.96105 0.954923 0.959818 0.964729 0.949891 0.942299
1_harborSeal.txt 0.967002 0.96132 0.77382 0.0 0.960009 0.953671 0.960252 0.962769 0.947334 0.94423
2_blueWhale.txt 0.957282 0.958167 0.96105 0.960009 0.0 0.854465 0.955691 0.960157 0.949342 0.95903
2_finWhale.txt 0.960088 0.966924 0.954923 0.953671 0.854465 0.0 0.953301 0.956238 0.948465 0.958172
3_chimpanzee.txt 0.960252 0.958732 0.959818 0.960252 0.955691 0.953301 0.0 0.8649 0.949175 0.961604
3_human.txt 0.967124 0.960157 0.964729 0.962769 0.960157 0.956238 0.8649 0.0 0.95123 0.959459
4_horse.txt 0.960965 0.955044 0.949891 0.947334 0.949342 0.948465 0.949175 0.95123 0.0 0.952166
5_cat.txt 0.965251 0.958172 0.942299 0.94423 0.95903 0.958172 0.961604 0.959459 0.952166 0.0
